MAGIC NUMBER [4 bytes]
0 : 0111 1111	7F
1 : 0100 0101	45
2 : 0100 1100	4C
3 : 0100 0110	46
FORMAT [1 byte]
4 : 0000 0001	1
ENDIANNESS [1 byte]
5 : 0000 0001	1
ORIGINAL/CURRENT [1 byte]
6 : 0000 0001	1
TARGET OPERATING SYSTEM [1 byte]
7 : 0000 0000	0
ABI VERSION [1 byte]
8 : 0000 0000	0
UNUSED [7 bytes]
9 : 0000 0000	0
10 : 0000 0000	0
11 : 0000 0000	0
12 : 0000 0000	0
13 : 0000 0000	0
14 : 0000 0000	0
15 : 0000 0000	0
OBJECT FILE TYPE [2 bytes]
16 : 0000 0001	1
17 : 0000 0000	0
INSTRUCTION SET ARCHITECTURE [2 bytes]
18 : 0010 1000	28
19 : 0000 0000	0
ORIGINAL VERSION [4 bytes]
20 : 0000 0001	1
21 : 0000 0000	0
22 : 0000 0000	0
23 : 0000 0000	0
ENTRY POINT [4 bytes]
24 : 0000 0000	0
25 : 0000 0000	0
26 : 0000 0000	0
27 : 0000 0000	0
HEADER TABLE [4 bytes]
28 : 0000 0000	0
29 : 0000 0000	0
30 : 0000 0000	0
31 : 0000 0000	0
SECTION HEADER TABLE [4 bytes]
32 : 1011 1000	B8
33 : 0000 0000	0
34 : 0000 0000	0
35 : 0000 0000	0
FLAGS [4 bytes]
36 : 0000 0000	0
37 : 0000 0000	0
38 : 0000 0000	0
39 : 0000 0101	5
HEADER SIZE [2 bytes]
40 : 0011 0100	34
41 : 0000 0000	0
PROGRAM HEADER TABLE ENTRY SIZE [2 bytes]
42 : 0000 0000	0
43 : 0000 0000	0
NUMBER OF ENTRIES [2 bytes]
44 : 0000 0000	0
45 : 0000 0000	0
SECTION HEADER TABLE ENTRY SIZE [2 bytes]
46 : 0010 1000	28
47 : 0000 0000	0
NUMBER OF ENTRIES IN SECTION HEADER TABLE [2 bytes]
48 : 0000 1001	9
49 : 0000 0000	0
INDEX OF SHTE [2 bytes]
50 : 0000 0110	6
51 : 0000 0000	0
END OF HEADER


52 : 0001 0100	14
53 : 0101 0000	50
54 : 1001 1111	9F
55 : 1110 0101	E5
56 : 0000 0000	0
57 : 0110 0000	60
58 : 1001 0101	95
59 : 1110 0101	E5
60 : 0000 0101	5
61 : 0001 0000	10
62 : 1010 0000	A0
63 : 1110 0001	E1
64 : 1111 1110	FE
65 : 1111 1111	FF
66 : 1111 1111	FF
67 : 1110 1011	EB
68 : 0000 0110	6
69 : 0001 0000	10
70 : 1010 0000	A0
71 : 1110 0001	E1
72 : 1111 1110	FE
73 : 1111 1111	FF
74 : 1111 1111	FF
75 : 1110 1011	EB
76 : 1111 1110	FE
77 : 1111 1111	FF
78 : 1111 1111	FF
79 : 1110 1010	EA
80 : 0000 0100	4
81 : 0000 0000	0
82 : 0000 0000	0
83 : 0000 0000	0
84 : 0001 1000	18
85 : 0000 0000	0
86 : 0000 0000	0
87 : 0000 0000	0
88 : 0000 1010	A
89 : 0000 0001	1
90 : 0000 0000	0
91 : 0000 0000	0
92 : 0010 1010	2A
93 : 0000 0000	0
94 : 0000 0000	0
95 : 0000 0000	0
96 : 0100 0001	41
97 : 0001 0101	15
98 : 0000 0000	0
99 : 0000 0000	0
100 : 0000 0000	0
101 : 0110 0001	61
102 : 0110 0101	65
103 : 0110 0001	61
104 : 0110 0010	62
105 : 0110 1001	69
106 : 0000 0000	0
107 : 0000 0001	1
108 : 0000 1011	B
109 : 0000 0000	0
110 : 0000 0000	0
111 : 0000 0000	0
112 : 0000 0110	6
113 : 0000 0001	1
114 : 0000 1000	8
115 : 0000 0001	1
116 : 0010 1100	2C
117 : 0000 0001	1
118 : 0000 0000	0
119 : 0010 1110	2E
120 : 0111 0011	73
121 : 0111 1001	79
122 : 0110 1101	6D
123 : 0111 0100	74
124 : 0110 0001	61
125 : 0110 0010	62
126 : 0000 0000	0
127 : 0010 1110	2E
128 : 0111 0011	73
129 : 0111 0100	74
130 : 0111 0010	72
131 : 0111 0100	74
132 : 0110 0001	61
133 : 0110 0010	62
134 : 0000 0000	0
135 : 0010 1110	2E
136 : 0111 0011	73
137 : 0110 1000	68
138 : 0111 0011	73
139 : 0111 0100	74
140 : 0111 0010	72
141 : 0111 0100	74
142 : 0110 0001	61
143 : 0110 0010	62
144 : 0000 0000	0
145 : 0010 1110	2E
146 : 0111 0010	72
147 : 0110 0101	65
148 : 0110 1100	6C
149 : 0010 1110	2E
150 : 0111 0100	74
151 : 0110 0101	65
152 : 0111 1000	78
153 : 0111 0100	74
154 : 0000 0000	0
155 : 0010 1110	2E
156 : 0110 0100	64
157 : 0110 0001	61
158 : 0111 0100	74
159 : 0110 0001	61
160 : 0000 0000	0
161 : 0010 1110	2E
162 : 0110 0010	62
163 : 0111 0011	73
164 : 0111 0011	73
165 : 0000 0000	0
166 : 0010 1110	2E
167 : 0100 0001	41
168 : 0101 0010	52
169 : 0100 1101	4D
170 : 0010 1110	2E
171 : 0110 0001	61
172 : 0111 0100	74
173 : 0111 0100	74
174 : 0111 0010	72
175 : 0110 1001	69
176 : 0110 0010	62
177 : 0111 0101	75
178 : 0111 0100	74
179 : 0110 0101	65
180 : 0111 0011	73
181 : 0000 0000	0
182 : 0000 0000	0
183 : 0000 0000	0
184 : 0000 0000	0
185 : 0000 0000	0
186 : 0000 0000	0
187 : 0000 0000	0
188 : 0000 0000	0
189 : 0000 0000	0
190 : 0000 0000	0
191 : 0000 0000	0
192 : 0000 0000	0
193 : 0000 0000	0
194 : 0000 0000	0
195 : 0000 0000	0
196 : 0000 0000	0
197 : 0000 0000	0
198 : 0000 0000	0
199 : 0000 0000	0
200 : 0000 0000	0
201 : 0000 0000	0
202 : 0000 0000	0
203 : 0000 0000	0
204 : 0000 0000	0
205 : 0000 0000	0
206 : 0000 0000	0
207 : 0000 0000	0
208 : 0000 0000	0
209 : 0000 0000	0
210 : 0000 0000	0
211 : 0000 0000	0
212 : 0000 0000	0
213 : 0000 0000	0
214 : 0000 0000	0
215 : 0000 0000	0
216 : 0000 0000	0
217 : 0000 0000	0
218 : 0000 0000	0
219 : 0000 0000	0
220 : 0000 0000	0
221 : 0000 0000	0
222 : 0000 0000	0
223 : 0000 0000	0
224 : 0001 1111	1F
225 : 0000 0000	0
226 : 0000 0000	0
227 : 0000 0000	0
228 : 0000 0001	1
229 : 0000 0000	0
230 : 0000 0000	0
231 : 0000 0000	0
232 : 0000 0110	6
233 : 0000 0000	0
234 : 0000 0000	0
235 : 0000 0000	0
236 : 0000 0000	0
237 : 0000 0000	0
238 : 0000 0000	0
239 : 0000 0000	0
240 : 0011 0100	34
241 : 0000 0000	0
242 : 0000 0000	0
243 : 0000 0000	0
244 : 0010 0000	20
245 : 0000 0000	0
246 : 0000 0000	0
247 : 0000 0000	0
248 : 0000 0000	0
249 : 0000 0000	0
250 : 0000 0000	0
251 : 0000 0000	0
252 : 0000 0000	0
253 : 0000 0000	0
254 : 0000 0000	0
255 : 0000 0000	0
256 : 0000 0001	1
257 : 0000 0000	0
258 : 0000 0000	0
259 : 0000 0000	0
260 : 0000 0000	0
261 : 0000 0000	0
262 : 0000 0000	0
263 : 0000 0000	0
264 : 0001 1011	1B
265 : 0000 0000	0
266 : 0000 0000	0
267 : 0000 0000	0
268 : 0000 1001	9
269 : 0000 0000	0
270 : 0000 0000	0
271 : 0000 0000	0
272 : 0000 0000	0
273 : 0000 0000	0
274 : 0000 0000	0
275 : 0000 0000	0
276 : 0000 0000	0
277 : 0000 0000	0
278 : 0000 0000	0
279 : 0000 0000	0
280 : -1
